1016
1018
1030
1049
1050
1051
1054
1060
1071
1084
1091
1098
1103
1117
1126
1127
1152
1172
1177
1179
1189
1223
1234
1236
1269
1270
1275
1276
1297
1303
1309
1360
1368
1369
1372
1375
1377
1407
1415
1429
1434
1435
1436
1467
1483
1494
1497
1500
1503
1506
1507
1522
1528
1530
1536
1550
1551
1556
1574
1580
1581
1582
1589
1607
1613
1614
1618
1621
1625
1633
1639
1641
1647
1661
1669
1685
1689
1690
1703
1726
1729
1732
1739
1747
1761
1763
1764
1776
1777
1782
1783
1788
1815
1819
1857
1865
1873
1887
1892
1902
1921
1931
1955
1972
1977
1980
1981
1982
1984
1988
1989
1993
2019
2027
2034
2042
2053
2055
2074
2082
2087
2125
2127
2128
2135
2153
2159
2178
2181
2184
2190
2197
2218
2226
2235
2244
2269
2280
2286
2298
2301
2309
2319
2325
2333
2335
2337
2339
2343
2353
2364
2365
2367
2368
2378
2379
2415
2427
2438
2441
2456
2457
2459
2499
2505
2524
2535
2560
2563
2567
2571
2573
2590
2631
2640
2659
2677
2699
2708
2715
2723
2735
2736
2743
2744
2754
2776
2784
2804
2805
2810
2818
2836
2856
2857
2862
2875
2881
2888
2900
2911
2915
2917
2919
2921
2932
2933
2934
2950
2951
2955
2959
2969
2977
2990
2993
2994
2997
3006
3011
3036
3046
3059
3060
3063
3073
3082
3084
3086
3095
3120
3124
3147
3150
3154
3157
3163
3181
3205
3218
3219
3225
3228
3229
3231
3232
3235
3253
3266
3281
3284
3289
3301
3310
3315
3324
3325
3326
3336
3338
3343
3346
3358
3370
3376
3379
3382
3385
3386
3388
3404
3405
3412
3421
3445
3460
3465
3468
3493
3499
3504
3525
3529
3537
3538
3563
3566
3593
3606
3624
3661
3672
3675
3681
3684
3685
3691
3708
3709
3717
3722
3750
3756
3757
3770
3776
3796
3797
3839
3846
3850
3862
3868
3878
3904
3914
3919
3925
3945
3954
3958
3963
3964
3981
3984
3996
4009
4017
4021
4036
4037
4041
4042
4043
4067
4081
4093
4100
4109
4121
4122
4131
4133
4144
4154
4172
4188
4195
4196
4202
4228
4231
4233
4238
4273
4282
4283
4292
4294
4299
4301
4308
4311
4320
4321
4327
4342
4347
4355
4360
4362
4363
4398
4413
4421
4435
4437
4445
4464
4486
4491
4492
4497
4504
4529
4539
4567
4568
4569
4582
4587
4590
4593
4600
4603
4606
4610
4629
4647
4652
4657
4658
4677
4683
4692
4710
4711
4713
4720
4722
4729
4736
4762
4763
4772
4783
4797
4806
4813
4820
4828
4847
4886
4892
4899
4904
4917
4926
4929
4952
4965
4970
4987
4990
4996
5011
5016
5021
5023
5025
5027
5047
5057
5074
5080
5081
5088
5090
5109
5117
5127
5134
5143
5149
5159
5176
5204
5206
5211
5215
5232
5253
5255
5262
5274
5291
5292
5298
5303
5304
5306
5308
5317
5326
5340
5346
5350
5363
5378
5382
5393
5412
5417
5425
5429
5432
5444
5466
5470
5479
5490
5491
5503
5516
5518
5528
5532
5538
5539
5542
5543
5545
5551
5555
5567
5568
5569
5573
5574
5584
5587
5604
5605
5627
5660
5681
5683
5713
5728
5735
5746
5748
5753
5754
5759
5769
5770
5784
5786
5793
5796
5810
5813
5827
5840
5850
5853
5857
5890
5898
5907
5927
5930
5934
5943
5949
5955
5975
5999
6000
6002
6010
6022
6025
6030
6031
6032
6039
6042
6072
6081
6087
6090
6105
6107
6116
6130
6139
6168
6179
6190
6198
6210
6211
6222
6237
6249
6254
6258
6270
6278
6281
6285
6296
6299
6312
6314
6334
6335
6336
6348
6355
6367
6373
6379
6383
6386
6390
6398
6404
6422
6423
6433
6440
6443
6451
6476
6488
6490
6506
6541
6543
6555
6560
6566
6577
6579
6583
6586
6593
6595
6601
6604
6618
6621
6644
6649
6653
6682
6688
6697
6698
6714
6720
6730
6732
6746
6764
6771
6795
6805
6808
6812
6818
6829
6848
6857
6858
6859
6860
6865
6870
6871
6872
6884
6892
6895
6925
6926
6928
6944
6947
6970
6973
6994
7000
7002
7004
7021
7024
7029
7040
7067
7134
7142
7157
7170
7172
7189
7193
7199
7205
7209
7217
7226
7227
7231
7234
7248
7250
7269
7305
7313
7338
7340
7341
7342
7350
7369
7379
7412
7417
7426
7427
7428
7452
7458
7471
7474
7483
7486
7492
7498
7500
7512
7514
7521
7522
7525
7526
7528
7540
7567
7590
7611
7620
7622
7630
7640
7641
7651
7657
7685
7701
7725
7729
7730
7740
7743
7756
7774
7776
7777
7787
7793
7794
7795
7811
7818
7825
7841
7856
7886
7888
7899
7902
7916
7928
7936
7949
7956
7961
7967
7971
8008
8010
8012
8021
8028
8033
8062
8081
8088
8090
8097
8114
8122
8123
8126
8131
8136
8139
8149
8151
8157
8167
8171
8181
8189
8190
8217
8228
8237
8255
8266
8270
8297
8305
8314
8317
8320
8321
8325
8328
8336
8338
8348
8355
8358
8367
8368
8379
8390
8399
8421
8428
8431
8433
8437
8443
8444
8462
8483
8485
8505
8516
8528
8537
8552
8559
8570
8571
8578
8581
8596
8610
8613
8614
8619
8622
8626
8637
8643
8667
8668
8672
8676
8686
8715
8727
8743
8763
8768
8773
8775
8788
8789
8801
8805
8813
8814
8815
8821
8826
8829
8842
8846
8849
8856
8862
8873
8882
8888
8890
8898
8904
8908
8910
8920
8930
8936
8939
8940
8954
8959
8962
8966
8968
8982
8996
8997
9017
9030
9043
9049
9052
9057
9058
9059
9069
9071
9084
9094
9097
9098
9099
9100
9115
9124
9127
9137
9155
9171
9173
9183
9197
9205
9207
9214
9224
9245
9259
9260
9261
9262
9272
9278
9283
9289
9290
9292
9312
9336
9340
9350
9365
9367
9376
9393
9395
9396
9403
9404
9414
9416
9418
9428
9460
9478
9481
9487
9500
9524
9529
9552
9586
9599
9618
9619
9624
9626
9637
9639
9648
9651
9682
9690
9705
9708
9713
9721
9723
9732
9754
9791
9794
9802
9808
9819
9822
9830
9839
9850
9851
9860
9868
9873
9894
9898
9904
9918
9924
9925
9933
9945
9946
9950
9976
9987
9991