1016
1084
1091
1179
1189
1303
1309
1429
1434
1506
1507
1580
1581
1633
1639
1726
1729
1782
1783
1902
1921
1988
1989
2082
2087
2184
2190
2298
2301
2353
2364
2441
2456
2567
2571
2715
2723
2805
2810
2900
2911
2951
2955
3011
3036
3095
3120
3218
3219
3281
3284
3338
3343
3388
3404
3499
3504
3624
3661
3717
3722
3846
3850
3954
3958
4036
4037
4121
4122
4202
4228
4299
4301
4360
4362
4486
4491
4582
4587
4652
4657
4722
4729
4820
4828
4952
4965
5025
5027
5117
5127
5215
5232
5304
5306
5382
5393
5479
5490
5542
5543
5584
5587
5735
5746
5793
5796
5898
5907
6000
6002
6072
6081
6179
6190
6270
6278
6336
6348
6404
6422
6506
6541
6593
6595
6688
6697
6795
6805
6860
6865
6928
6944
7024
7029
7193
7199
7250
7269
7379
7412
7483
7486
7526
7528
7641
7651
7756
7774
7825
7841
7949
7956
8033
8062
8131
8136
8190
8217
8317
8320
8367
8368
8443
8444
8559
8570
8622
8626
8727
8743
8813
8814
8862
8873
8930
8936
8996
8997
9069
9071
9127
9137
9224
9245
9290
9292
9395
9396
9481
9487
9624
9626
9713
9721
9822
9830
9904
9918
9991
