2566
2758
2934
2560
1224
2932
2032
1922
1770
2957
1128
1969
1127
2660
2420
1619
1732
1785
2149
2247
2023
1307
2665
1825
2418
2801
2630
1914
2193
1780
2977
1759
1538
2912
1319
2114
1196
2704
1388
1966
2661
1517
2935
2788
1529
2707
1759
2262
1845
1260
1861
2868
1567
1878
2045
1338
1679
2027
2252
1224
2807
2582
2336
1697
2846
2655
2812
1042
2711
1552
2360
2373
2421
2295
2513
2951
2355
1625
2565
1200
1885
1426
1420
2453
2304
2465
1143
1335
1492
2747
1911
1300
2329
1247
1997
2175
1255
2161
2217
2966
1066
1929
2339
2487
1577
2205
2438
2932
2830
2003
1132
1715
2429
1552
1520
2085
1369
1663
2772
1861
1763
1684
2513
1092
2283
1863
2268
2538
1024
1837
2505
1090
1119
2196
2578
1696
1401
2368
1628
1583
1372
2112
2299
1153
2664
1171
2591
1033
2187
2715
2246
2950
1751
2112
1394
1035
2975
2662
2573
1351
1852
2430
1442
1971
1627
1372
1019
2380
1092
1647
1316
1816
2759
2967
2322
2775
1138
1913
2808
2677
1980
2406
2627
2732
1518
1022
2767
1493
1036
2692
1845
2240
2475
2639
1563
1454
1363
1582
2834
1807
2581
1150
2624
2692
1469
1946
2467
1608
1211
2627
1285
2191
2034
1265
1923
2904
1639
2042
1398
1675
2087
2595
1268
1562
2586
2183
2016
1301
2766
2202
2108
2699
2705
2084
2392
1174
1030
1859
2134
1241
1487
2420
2785
2873
1037
2060
2777
1676
1103
1527
2703
2542
1474
1323
1104
1412
2507
2472
1713
2625
1674
1174
2324
1731
2258
2068
1906
2641
2928
1040
2882
1767
2812
1019
1640
1201
2080
1769
2229
2535
2649
1933
2077
1123
2608
2533
1888
2115
2357
2953
2092
1383
1127
1769
2115
2738
2837
1021
2379
2765
1413
2613
1884
1578
2633
2876
1779
1713
1646
1009
1600
1295
2294
2677
1770
1902
2562
1010
1370
1919
2964
2462
2302
1443
1231
1769
1181
1069
1790
2912
1186
2556
2526
2071
1134
2511
1947
1913
1576
2945
2274
2176
1592
1568
2205
2715
2823
2119
2725
1193
1038
2689
1007
2692
1485
1591
1462
2018
2012
2604
1931
2198
2160
1809
1621
2646
1320
2921
1912
2248
2866
1186
1424
1811
1755
2981
1526
1578
2100
1603
2123
2490
1645
2130
2534
2130
2721
2996
1148
1733
2953
2079
1284
2465
1240
1905
2112
1560
2178
1024
1160
2397
1210
1936
1208
2317
1917
2086
2895
1369
2689
2018
2859
1334
1501
2394
2816
1222
2742
2965
2308
2695
2396
2592
2161
2637
1849
1273
1549
1028
1649
1710
2425
1859
2646
2985
1177
1916
2071
1424
2285
2112
2795
2497
2799
1296
1891
2615
1870
1633
2580
1178
1681
2329
2770
2842
1966
1620
1467
2867
2000
2116
1929
1777
1327
1928
1762
1504
2844
1185
2281
2481
2649
2076
1978
2448
2724
1221
2416
1594
2207
2348
2125
2888
1677
2247
1082
2995
2867
1549
2863
2219
2665
2144
2996
2992
1072
2110
1849
1268
2647
1130
1102
2649
2558
2080
2097
2634
2654
1513
1228
1861
2862
2705
1749
1891
1953
1831
1887
2172
2380
2102
1392
2397
1246
1740
2741
1671
1203
1590
2291
2850
2072
2393
2499
1982
1474
1949
1616
1480
2814
2197
2341
1028
1902
1090
1920
2855
2273
2807
2028
2005
2261
2772
1754
2859
1512
1495
1530
1715
2438
2822
1918
1862
2215
1417
2845
1041
2718
1813
1873
2533
1010
1214
2561
1913
1656
1481
2120
2929
1640
1148
2286
1253
2920
1040
1113
1785
1888
1643
2500
1678
1817
1418
2540
1385
2188
2737
1778
2258
1551
2652
1791
1561
1218
1705
2826
1875
2538
1947
2156
1531
2447
1443
1784
2368
1835
1897
1153
1075
2893
1005
1753
2062
1776
1294
2447
1316
1031
1578
2574
1934
1582
1718
2848
1800
2775
2674
2675
2313
1621
2184
1196
1069
2979
1981
2789
2166
1230
1294
2242
1123
1651
2995
2186
2427
1289
1985
1095
1673
2915
1022
2959
1497
2092
2807
2298
1867
2482
2325
1532
1455
1861
1729
1876
1840
1062
2017
1007
1292
2663
2249
1416
1315
2596
2954
1094
1238
2291
1190
2263
2207
1564
2222
2704
2656
2030
2354
1523
1864
2032
2407
2671
2893
1136
1548
2086
1198
2565
2445
1491
2229
2046
2259
2896
1642
2565
2990
1880
1856
1532
1495
1063
2448
2718
1120
2104
2100
2826
2979
2964
1858
2387
2635
2104
2523
1535
1542
1074
1101
2987
1917
2682
2385
1528
2930
1027
1093
1272
2260
1949
2157
2755
2365
1605
2825
2837
2710
1925
2663
2689
1889
1874
2076
1877
1330
1952
2412
2224
2378
2865
2563
1295
2899
1948
1823
2829
2327
2268
1454
1939
1569
2611
2047
2934
1216
1872
1123
2926
2798
1139
2968
2039
2365
2396
2916
2695
1348
2681
1919
1078
2546
1834
1373
2446
2782
2548
2627
2461
1816
1081
1401
2738
2692
2448
2672
2909
1320
1148
1187
1470
1287
1507
2862
2652
2904
1130
2699
1604
2811
1970
1683
2358
2804
2408
2156
2586
2309
1783
2047
1125
2217
2800
2863
2261
2248
2888
2522
2921
1388
2710
1743
1675
1217
1605
1679
1473
1736
1378
2078
1547
2348
1113
1257
2152
2521
2765
2090
1830
1901
1489
2308
1118
1290
2523
2379
2890
2763
1902
1163
1151
1964
1907
2178
2533
2864
2857
1007
1952
1235
2437
2500
2583
2550
1109
2087
2071
2875
1529
1254
1776
2019
2562
2246
2661
2437
1625
2903
2201
2879
1067
2704
1843
2326
1883
1729
2190
1740
1736
1143
1976
1173
2995
1911
1075
1456
1351
2146
1331
1880
2752
2459
1251
2666
1705
1264
2104
2683
1520
1657
2914
1587
1713
1758
1265
2596
2487
2807
1689
1575
2950
1017
2100
1297
2280
2175
1754
2631
1321
2437
1864
1426
2249
2467
1092
1306
1084
2548
1341
1604
1557
1256
2543
2271
2366
2808
1867
1853
2615
2908
2780
2918
2925
1880
1215
2206
1055
2321
2189
1728
2111
1053
2154
1712
2873
2599
2370
2957
2147
2712
